t = 0:0.1:5;
x_t = 5*sin(2*pi*1000*t) + 2*cos(2*pi*3000*t) + 0.5*cos(2*pi*5000*t);
